534

Cowy, recto 444, 331.

0443544444, ands 44 413.

0443044441, cha 144, 413.

0443444444144 ο4,154.

04434444, 144414 44 41, 263.

04444444, ehaplainry ο1,“ ιιι 4144441444
(11443ο4, 246.

044414, 144414ο4, 343, 441.

Oruy kistoun, lordship ο4, 394.

044464444444, 4444444434 ο4, 322, 494.

0445444444, 4144441444, 356.

0444434444 (0444434444), bailiery ο4,
53,54,148,149,145,144,148,130,
241, 288, 289, 291, 292, 294, 334,
338, 404, 431, 488.

1144444444, church of, 406, 406.
1141144414, 144414 ο4, 383.

11414444, 144414 ο4, 296, 294, 459.
Dalry, 4144441444, 341.

Dalzell, 44444434 ο4, 265.

11444 Syde‚ le, 164169, 133, 229, 261,
4414124411 wau of the, 444,

Dikis, 1144444 ο4, 48.

1144444, 280.

Donde (Dundee), 144. ’

Dowan, 144444 ο4, 259.

1144404 04444444, 14444 ο4, 254.
11443444, the (444 (14443444).
114444444441444444154.

3444444444 (11434144), 44444434 ο4,
3444414444, parish church 44, 424,
Β444241444 ,barony ο4, 203.
Drumtocer glebo of 361.
Dumsermlyfi, 4444444443 ο4, 444.
0445444444, 414444 ο4, 104, 259, 296,
Βι441114444141,144414 belonging to pro·
3444141414 11414441434144, 23, 369,
0414141οέ4111, chuplainry os st 1444444 44
0441144141ἓὲ 14114414 44 333, 334.
1)44(4444141,44444434ο4 484496.
Ι)44444(4444,4144441ιο4,103109.
0444441444, 4444544461, 109, 110, 249.
1144444, 245.

1)444444(1)44οοιι), 285.

1104444044, prebendal 31454 ο4, 259.

1114444434, 290, 303, 334, 337, 330.

3114434444, 14441444, 3.

11441444 (1441434), 3445444144, 299.

11444441, viem-ageos, 184, 185, 213, 215,
221, 222, 223, 224.

3441444444, 63.

INDEX OF PLACES.

1144444444, house 44 (41444414), 7, 31, 64.
34414441, lake ο4, 94, 95.

1444144441, 144414ο4, 94, 95.
34414443,44411ο4,94, 95

3443444544, 14441441, 461.

Ferme, 14441444, 312.

3444441443, lande 44 242.

1444144444 3444, 14, (114434 44, 454.
3144441444, 14441444, 312, 313.

. 11444443)1 de, 144414 44 4144, 404.

Fullonum, vicus (3411444344444), 266,
3414144111Ι vicus (Gallowgate), 265,
4411144444, portas (0411443444), 500.
Furd, monastery ο4, 325.

(1444044444, 144414 ο4, 145, 146, 143,

(1411443434, 14, 229.

(1411444 11411 (4441444444).

Galloway, diocese ο4, 58, 233.

(1414404, pariebas, 321.

(14444ο44 11411 (4441νυί44).

(14444141404444144), 4404444434 ο4, 132.

(14444141, 4144441444, 356.

(1434, 444444, 254.

(144144, 21, 23.

0434441444, 26.

(144444, 44444434 44 198.

(1144, lands ο4, 493.

4114444441, lordship of, 206.

(11443444, 0441443441 01444414 ο4, 40, 59,
83, 96,117, 124, 129, 131, 212, 268,
325, 502, etc.

0144344, 41444( 44344144152.

(1144 3,ο4 4444441 503.

(1144344, Low 0114441444, 90, 114, 136,

(1144 gow, high altar ο4 152.

(11443444, town 14411 ο1, 183, 204, 236,

01443044, cityof, 11, 12, 29, 30, 32, 33,
34, 34, 40, 43, 60, 44, 12'4, 124,145,
156, 144, 145, 183, 190, 191, 212,
302, 304, 340, 343, 389.

(11443444144441444,12,45,153,144,

(1144344, 4411434( (collegium, pedago-
gium, universitas) ο4, 32, 124, 132,
198, 252, 443, 444

(11443444, (1444444 ο4, 23, 81, 124, 132,
444, 444, 444, 444, 445] 444 444,
306, 310, 331, 334, 335, 380, 383,
419, 420, 493.

(11443 44, 4144 11433444 ο4, 42, 60, 65,
143145, 158,]95,196,198,’;208
209, 212, 246, 258, 365, 389, 400,
433, 451, 462

 

