530

8100011, 811 101000, vicar 01 0010100011,

· mmm

8100011, 1111 100100, prehendat 01 Aln-
crumbe, 189, 190, 192, 247, 248,
257.

8100011, 111 1011100, ennon 01 0100300,
193, 395, 398, 442, 453, 483, 488,
490, 496, 506, 508.

8100011, 1010, 01 31111010, 5, 6.

8100011, 1010, 000 01 1100 8100011 01
01081011, 308.

8100011, 10110, 85, 97, 125, 241.

8100011, 1010, brother 01 1101100 Earl
01100001, 258, 260, 455.

, 8100011, 1010, 01 0111300000, 468.
8100011, 1111 10111, 00111000 01 (1100900,
8100011, 81110111, 01111010, knight, 75,

mmemmm
267, 367, 376, 399, 457, 505.

8100011, Margaret, sponse 01 John Lord
Flern g, 311, 312.

810001 ,1101100000110001110081000111
01 (11031011, 157.

8100011, 11111011100, 001011, 47, 75,
lffimmmmmffl.
412, 424, 450, 455, 483.

8100011, 1111101100, vicar 01 11011010,
310, 386, 452.

8100011, Μο1100, 302, 303.

8100011, Μο111001, 41, 493.

8100011, Ν1010100, 114.

8100011, Ρο111011, 404.

8100011, Τ101000, 6.

8100011, Walter, 313.

81000111, 1111110111, 1111ςο00 01 0100800,

81000111, Μ1111111001, 10010101 Curn-
11111010, 331, 343, 363.

8100011, 111 111111010, 10010101 Per·
1000, 58.

8100011, 1111 1111110111, 71, 185, 245,
277, 280, 416, 473, 482, 483, 485,

8100011, 111111111010,001011, 244, 322,

8100011, 811111111001, 10010101 Loeh-
mabnne, 305, 483.

8100011000, 110110110001001, 250.

81010, David, 340.

81010, Thomas, 138.

810 0, 811 Walter, in 0111010, 266, 485.

Stolo, 0110110001001, 505.

8101101 , 1010, 209.

8110110011000, 111 11101100, 147.

811011001111, 1111111110, 313.

8111001103 (Stirling), Alexander, 200,

8114100110000110, lnird 01 Crngbemard,

INDEX OF PERSONS.

Striueling, 100100, 227.

Strineling, Sir John, 400, 485.

Strinelilng. Sir John, 01 0103110100ῐά

“ 11, 413.

811100 100, Luke, 206.

Striueling, Robert, 295, 445.

8111001103, william, 400, 401, 414.

8110010110, 10111, 449.

Sturgion, Herbert, 205, 450.

811γο1000, 8111101011, 010011, 475.

8000, Alize, 457.

80001011, 195, 198, 209.

8000, 1010, bailio 01 (11003011, 434.

8000, 811 1010, 195.

Swnn, donet, 195, 196, 209.

8000, 111 1111111101, 209.

8110001000, Alexander, 67, 68.

8110001000, 811 Georgo, notury, 90, 97,
106, 121, 123, 244.

8101001000, 811 Georgo, 00me 01
Cnmpsy, 139, 140. ⁸

Syrnontoun, 8111100130, 11001 0111011110,
157,195, 200, 201.

Symontoun, 8111010, 1101010212, 13, ,
14, 15, 19, 21, 23, 228, 310, 311, 417,

8101001000, 811 John, 010 lein 01 110
0101101100οΙ 01000110 d, 369, 370,
379, 384, 500.

81101110, Henry, 173.

Symple, John Lord, 41, 205, 206, 207,

81101110, 1010, 155.

811011101011, 01 1000110011, 206.

Symple, 1101011, 011001001325.

Syrus, 1010, 1013000 01 (11110300, 7, 8.

81111000, 8111010, 1111001, 367, 375.

’1.111, 1101101010, 01 1601111111, 9, 10.

1011111111), 811 11600111, 1111001, 245,
255, 267, 271, 272, 281, 283, 810,
323, 334, 349.

Το11, George, eldest 0011 01 Alexander
'I'nit 01 Adnmhill, 9, 10.

1011, 10110, in Knokindale, 8.

1011010110, 1111 10111011, 010111, 389, 452

Talzour, 811 100100, 011001, 438, 439.

Το110111, 11000111, 261, 262.

101111001οε, burgess 01111, 188, 236.

1011111111, 1111110111, 136.

10111111110110, David, 2, 20, 22.

’100111111000 11100111, 01 1001100110, 56.

1000111000, John, 0011 01 8100161010-
piltoun 011001100110, 55.

10110011, Andro, 34.

’10110οι111, 10110, 486.

1000011, 1101, 34.

10000, 80001, 116.

1011111010, 1410111000 01, 302.

Thomna, 81, 240.

 

