11111811 OF l'LACES.

81 ’11111001 0110001101 13100000, 313.

810111101101100011310. ow, 501.

8111111100, 0110010111ος, ο 1)001,110110111
379, 380, 333.

81 8101011, 01100011 01,1110111011110011,“
131.

810110,1110000,001133,103,103.

810110, 10010110110101101, 505.

81 1001 1110 1000110, 011001010ογ 01,
(3100000135.

8110100, 010101010ον01 100100, 5.

81 Pete} 1110 1000110, 011001111οη 01,,
(31000 00, 335.
8110100, 0110001, 100.

810011οο100, 01110001, 11.

8100111000, 0001011111, 318, 310.

8101001100, 337, 507.

8111001100, 00011001, 337, 507.

8111001100, 01110001, 160.

8101011100, 0110 101, 153.

81110011, 011000101, 133109, 163101,
165,1’66,167,168.

81 8000011, ’01100 01, 300,
81 Το000, 010001 (1113100000, 13, 335,

81411110010001101, 113.

537

8011110110’01.0011,10, 138, 103, 173, 330,
363, 308, 309.

81 1110010110 0001011 01100011 01, 3.

,8001001000 000101101, 333.

80111010, 0011001111001111001101, 333.

;S)mple‚ 001103001, 351

Τ1110118011000,13100000,335, 130.
10011001, 000110 61, 03.

Το0111010, manso 01, 000101000οη 01,
Τ11101100101,100(100155,·.53
Τ11101100101, 01000οο1, 55, 53.
Τ11000101011, 10113001, 317.
,Το011011000, 1100011001, 92, 98.
Ῑ,’Το01)01101111 0001011011001101, 03, 03.
Τ’001)011000, 00050011 01, 353, 399, 101
Τοο11011000, 0000010101 01000001, 358.
Το01110000111,0100000001310,
Twirgyle, 1111111001, 101

1011003310, 1001111111, 378.

11010000100110001101,108107, 105.

· 11011101000,1’·10000ςο01, 1151

1100111011, 10011001, 301.
Welbent³ 011000101, 1300010100, 153.

EM> OF VOL. 11.

0·001011003000,000101,001001100

 

