1111183 011 31114038.

INDEX OF PLAOES.

1411111111, prebend and oenonry 01, 311111ἶ, 12.

487. 3111110111ἀί1 le, 508.

10111010110, 11111101, 154. 311111011111101, 104, 105.
Achinrevoch, Ovir, chaplainry 01, 407, 3111018110100111118101, 271.
101111010011, 0111, 1111111101, 421. 0110111, prebend 01, 89, 70.
11111111ιί11, 111111 01, 9, 10. Cadder, vlcamge 01, 182, 137, 198,199,
Α1111111111,101111111101, 9, 10. 318, 341, 342

1111111011, 13. 81111101, 0111101101, 317, 881.
11111111,01111101101,330,358. 01111011111011 01, 370.

111111111Ιο, 280. 0111111010, 1111 01, 281, 404, 488.
3111131111, 1001011180 01, 831. Campsy, 0111101101, 121, 122, 123, 287,
Arskyrk (Ashkirk), prebend 01, 102, 400, 413, 414.

348, 384. Campsy, 81011001, 239, 488.

141111 Roxburgh. stall 01, 358. Campuy, jurisdiction (00111111011111) 01,
Auld Roxburgh, [10110111 01, 440. 255, 438.
11111110), 13, 275, Campsy, 0100011101, 121, 122, 123, 244,
1111, 01181101, 25, 28. 489.
1111, portos, 28, 27. Campsy, parish 01, 238, 255.
Ayr, Ι111110 01, 53, 54, 58, 148, 149, 011001011101111111101, 481.
175, 177, 178, 271, 288, 292, 294, (1111101111101011111111111001258.
321, 404, 431, 488. 0111110110, 1111110110101, 438.
(3111111011, 110111ςο 01, 314.
3111111, 1011101154. 0111101110 311111, monastery 01, noar
Baldomn, 1101101, 11111101, 489, 470, Ι 1111110, 370.

471, 472, 473. ⁴ 0111111, 0111001101, 58.

3131111011, lande 01, 259. 0111111011, 11111101, 175, 178, 177, 180,
3131011111, 11111101, 404, 405. 181, 182, 288, 289, 290, 291, 292,
3111101111111111 01, 400, 481. 293, 294, 295, 338.

31111101, town 01, 383. 3111111011, minos, 288, 289, 290, 291,
1101111101 1311113110), 11111111 0111101 01, 292, 293, 294, 295, 888.

147. 0111011111111811111111),0111 los, 75.
311101 Zet, 10, Glasgow, 32, 37, 88. 010101111τί1, manse 1111110 01, 75.
3011010111, 0111101101, 87. castelstaris, 1101111101, 459.
30110110111,10111 01, 91. (1111111011, 1011111111) 01, 157, 158, 181.
301111, 40. 0111111011, 11011130 01, 184, 185, 213,
3111110, 1111111101, 277. 215, 221, 222, 223.

3111111011, 11111101, 821. ; 0111011110, 1111111 01, 130, 148, 149,
3111011111, 11111101, 259. · 197, 281, 282.

3101101111, 1110001, 259. (11011011, lauda 01, 431.

30011111, 111111 01, 280. 011110, 11110101, 298, 297.

30011110, 10, 01 Kylwyuning, 481. , 0011101011, 0111101101, 134, 405.

301 , 275. 0011101011, 1001011180 01, 240.
3011011011, 111101, 259. Ι 30111111111101, 154.
3011111011,00101111100111101101, 447. 0011111011ὼῆ, 0111011111] 01, 485.

301 11111111 1101111111, 98. 1 0011101111, ’ obnubet m
3111130111, 11111107, 878. 0005101111111Ψ

 

