536

1111111, 445.

Metuis, 1111111111, 106.

Manis, 1111111111, 378.

1111111111, 1111111111) 11, 441.
111111111111118111, 202, 205.
1111171411111111111Λ11111 11, (11113111, 71,
1111111111 811111, walls and 11111111,
1111111116, 1111111111, 33, 34, 35, 36,
1111111118, 1111111111, 361.
Μ11111111111,1111113111, 341, 342.
1111111111, 1111111111, 381.

Monygreile, 1111111111, 154.

1111111, 1111111111, 275.

111111, tho, 1111111111, 53, 54.
1111111111111111111, 104, 105.
1111111111, Ε1111, 238.

8111111111, 1111111111 11, 441.
11111111ῖί11, stall 11, 356.
1111111111, 11111111, 272.
mm.

Ρ111111111111111111111111 01113111, 185,

pffiffiffi'og 56, 57.

Penyghame (Peningham), church of,

fflffimwss

l'ollok, Nether‚ lande of, 468.

Pollok Schawis, 11111111 11, 393, 430,

Ρ18813111113 Friars, church 11, Glasgow,
mmm

Preaching 811111, 111111111111, 236.

Preaching Frinrs, 11111111111111, 383.

Provand, 11, 446.

Provandside, le, 171, 172, 253, 308,
111111

11111111111111, 1111111111, 261, 435.

1111111111, vicus (11111111 11111, 171, 306,
439, 445, 464, 489, 499.

Regius, vicus (1111131811111), Glasgow,
&mm

Reid bog, common 1111111111, 384.

1111111111,1111111111, 5, 6, 441.

11111111111111131111, 188, 232.

1111111111, 1111111111, 133, 231, 236.

1111111111, 11111111, 132.

1111111111, 1111111111 11, 100, 352.

1111111111, prebenda] 11111111 11, 256, 302.

1111111111 (1111111111), shira 11, 2, 157,
&mmm

Rome, 11111, 24.

111111111111111, 416, 417, 405.

1111111111, 1111111111 11, 271.

11111116 Akyr, 11, 167, 261, 262, 263.

INDEX 08 PLAGES.

Ruglyn, 11111611111111, 419, 422.

8111111111, 1111113111, 248.

8111111111, 11111111, 1111111111, 74.

8111111111, 1111111111, 205, 206, 207.

811111, 337, 507.

811111, 265.

Siccus vicus (Drygate)‚ 451.

Skirl 1111111148.

Smy dy Bar, 1111 (tce 1111111).

8111111111, 1111111111, 217.

8115831111, the, 171, 302, 340, 508

Stagnum (the pool), in Glasgow, 245,

81 1111111111, altar 11, Glasgow, 400.

8111161111, 11111, 334, 335, 337, 368,

811111, 4.

8131161111, 11111111, 200.

81 01111111, 1111111111 11, in parish
11111111111111118111, 231, 236.

8111111111, lordship 11, 175, 177, 178,

8111111111111, 11111111 11, 250, 251, 288,
289, 290, 292, 294, 338.

81 5111111, altar 111111111111111111117 11, in
111111111111 ofGl 111, 301, 403.

81 John Baptist‚ 1111 11, (11113111,

81 John Baptist, 1111111111111, 261,
309, 313, 315.

81 ι111111 Baptist, 1111111 belonging to,

81 Κ1111111 (11111111), 11111111 11, 381.

81 Manchane, chaplainry 11, 445, 466.

81111111, 11111111111, 1111111, 15.

8111111, 11111111111111, 411, 503.

81 1111111111, 1111111, 198, 264.

81 1111111111, 1111111111111 11, (11113111,
mem

81 111111, 11111111, in the 1111111111
(1111111111, 240.

81 Mungo (Kentigern), 11111111 11, Glas-
111, 72, 309, 409, 500.

81 11111131, chuplainry 11, 113, 229, 253,
mmm

81 11111131, chaplainry 11, 01111111, 268.

81 Mungo, 11111111, 113, 114, 131, 225.

81 Mungo, place 11 1111111111 11, near
(1111111268.

4 81 1111111111, 11111111, (11113111, 90, 117,

. ν’ r

QffiffiQmmwa

tmmm

. 81 1111111111, 111111· 11, 1111, 157.
8181111111, 1111111111 11, 1111111, 15.
811111111111,1111111111)1 11, 1111111111, 231,

Ι 8128811111, hospital 11, (1111111111, 117.

81 1111111111, chaplainry 11, (1111111111, 465.

 

